1000
225 15
212 7
119 13
222 6
67 12
135 6
46 9
173 13
53 5
205 9
87 6
64 14
22 13
189 7
13 5
217 5
36 10
36 11
66 9
45 6
189 5
240 7
29 12
180 5
97 15
165 11
219 8
218 8
145 14
93 11
106 4
135 8
52 11
173 4
212 8
57 8
237 11
193 7
160 13
63 12
186 7
116 15
160 10
169 9
138 6
52 11
133 9
215 5
29 12
217 14
243 15
38 14
149 7
148 12
101 7
9 8
97 10
244 5
221 8
208 12
168 11
147 12
40 9
69 7
115 15
30 14
98 12
151 13
140 6
76 11
45 13
187 13
84 15
245 4
27 11
213 14
186 10
37 6
226 8
98 15
120 15
131 4
75 4
177 10
93 8
95 8
210 6
179 13
58 12
193 8
50 15
147 4
30 9
48 14
62 13
38 10
190 15
74 12
87 8
118 7
173 13
69 8
188 10
68 6
138 7
83 6
183 11
163 13
224 14
43 4
216 4
121 4
250 10
43 15
202 4
245 4
111 7
173 10
238 4
32 5
193 5
163 6
74 14
23 10
38 11
12 6
119 14
228 7
242 10
223 12
124 6
134 14
99 15
62 4
241 13
83 10
191 4
56 14
121 8
137 6
40 10
149 12
170 10
9 6
92 10
111 10
54 5
112 14
56 10
188 8
42 4
114 6
133 5
174 8
85 11
110 7
60 4
113 5
229 11
38 15
33 14
60 13
238 13
141 4
201 10
48 14
249 15
165 13
237 9
226 14
39 15
86 13
208 5
105 9
208 8
117 10
86 5
213 14
229 14
245 9
143 11
49 13
81 14
129 9
225 9
116 6
127 4
199 10
85 7
182 5
136 5
205 12
170 9
20 6
135 11
171 13
127 15
228 8
80 14
154 6
201 11
144 6
134 12
99 10
214 15
42 14
19 11
142 8
56 8
19 10
221 5
11 4
246 14
115 6
198 14
123 6
149 13
152 8
91 9
247 12
187 14
114 12
186 11
167 5
15 11
123 12
199 6
190 12
43 9
160 6
198 13
90 6
135 6
207 4
123 5
183 10
111 15
204 13
71 5
228 12
7 5
210 9
38 11
217 5
124 14
247 12
110 7
128 13
65 5
80 8
100 5
168 12
45 15
181 11
15 4
176 9
77 4
156 12
56 4
117 9
58 7
93 6
55 8
99 13
177 10
180 9
82 15
62 14
198 13
19 7
36 8
80 12
62 8
157 9
219 15
67 15
88 4
18 8
117 12
184 7
156 10
110 6
141 15
24 9
128 15
73 5
36 13
84 8
183 8
177 10
129 6
116 12
66 5
31 9
23 11
88 9
120 4
29 15
235 5
134 9
183 14
128 14
155 8
28 15
158 8
226 8
11 5
47 6
247 12
217 5
199 5
168 12
168 14
35 5
104 13
191 14
110 15
206 5
97 7
150 13
171 15
215 15
198 8
168 5
61 6
65 10
207 11
93 9
53 12
129 14
139 12
220 7
132 15
247 5
242 7
151 5
241 10
38 4
187 11
95 5
13 7
208 15
59 7
175 13
50 9
55 9
117 8
223 6
147 11
9 8
15 15
30 12
128 14
105 11
25 12
201 14
22 8
230 8
234 11
214 6
242 9
76 10
98 8
67 15
218 15
214 12
56 13
47 6
26 7
209 13
100 6
200 10
248 7
219 14
58 4
170 12
183 6
109 7
75 5
116 15
221 10
227 10
165 5
19 6
184 6
222 14
35 9
145 8
91 5
41 7
31 15
180 4
95 14
234 13
16 9
48 13
71 10
117 15
58 5
92 12
71 14
172 8
206 15
58 6
7 5
129 7
179 14
36 15
219 7
186 15
58 12
118 10
179 14
192 13
221 8
248 12
50 10
46 7
69 14
79 8
206 4
152 12
139 11
208 4
230 6
121 8
226 6
92 10
235 4
13 11
236 6
143 11
168 14
209 14
97 5
101 6
222 8
9 7
152 7
130 10
151 15
138 12
97 13
153 6
249 11
193 7
59 9
38 10
211 12
56 11
16 12
232 15
84 5
144 13
77 13
203 6
87 9
178 6
207 12
244 5
175 14
88 5
225 10
98 9
35 4
212 5
72 11
163 9
240 15
39 5
54 15
220 12
143 9
101 4
147 5
84 9
77 10
64 4
117 4
32 14
103 9
186 6
28 8
85 9
203 14
173 10
78 6
82 9
84 13
74 7
156 11
133 4
206 13
93 15
12 6
88 12
163 11
110 14
62 8
226 8
16 12
236 6
176 7
73 7
187 15
132 5
22 9
174 9
210 8
103 15
244 7
195 8
205 15
205 10
28 5
101 7
72 12
50 4
13 9
200 14
214 4
159 10
194 12
105 11
143 11
122 14
45 5
221 6
226 13
166 14
197 7
170 15
87 5
61 5
8 8
80 14
147 11
57 12
88 12
25 9
18 9
243 4
243 4
137 13
174 11
163 9
9 9
118 8
176 14
36 9
72 8
143 7
134 15
128 7
102 13
97 5
238 7
160 6
26 10
132 12
141 4
165 9
210 5
111 7
42 8
84 7
187 4
202 6
149 8
49 5
143 7
157 15
107 14
96 4
243 13
129 12
184 8
195 13
123 4
76 4
211 14
114 4
98 15
208 10
154 9
78 4
29 14
125 9
170 15
7 5
70 12
120 10
123 14
123 7
28 6
135 15
13 6
13 6
95 5
14 4
75 5
90 9
146 13
55 4
122 4
191 5
8 8
52 15
144 6
206 6
88 14
150 14
37 4
126 12
202 11
236 10
144 14
179 12
38 14
59 15
123 15
157 15
52 15
184 7
165 15
56 15
144 13
137 8
175 10
241 4
55 14
185 5
194 7
154 12
52 4
225 14
178 11
134 6
31 13
135 13
130 4
25 13
119 11
184 12
27 4
247 8
156 4
107 11
249 15
69 7
53 9
238 4
123 15
49 15
232 10
156 5
133 11
143 6
104 5
93 10
226 12
219 11
191 13
61 4
231 9
17 7
154 15
200 6
88 10
37 13
194 14
165 8
34 6
200 9
243 7
134 8
75 10
234 13
18 9
103 5
49 9
36 5
111 6
225 5
170 5
181 6
118 11
224 4
223 11
66 9
31 15
49 11
17 13
106 7
169 11
22 14
88 14
179 14
136 4
29 7
77 12
112 7
16 6
83 4
229 4
12 11
104 5
179 7
205 7
47 9
73 7
134 15
199 13
186 11
27 6
240 6
108 6
41 12
151 7
124 11
213 9
13 13
85 12
165 6
242 8
9 7
81 11
221 9
222 14
18 4
203 7
123 5
39 9
15 12
157 12
170 15
49 13
100 8
209 7
209 6
125 7
230 15
11 9
62 5
94 8
242 15
166 11
187 4
109 6
95 4
35 8
139 15
19 11
169 15
54 13
29 7
48 15
234 6
22 15
145 12
39 14
164 7
234 14
15 10
137 9
96 13
161 6
35 8
220 10
121 6
14 12
160 10
78 11
11 5
99 14
241 7
26 12
19 9
95 8
201 7
28 14
124 7
90 15
151 13
32 6
40 9
114 8
149 6
83 14
129 13
64 12
38 4
78 15
159 14
173 13
186 12
125 8
164 14
235 13
18 11
61 13
87 10
188 7
145 6
213 6
244 6
124 12
199 8
183 11
206 11
96 8
65 5
174 10
39 8
206 12
56 5
110 5
62 13
168 8
33 13
72 8
15 12
195 14
236 15
208 11
182 12
202 12
236 10
37 11
169 11
43 7
170 11
229 5
248 5
147 8
230 5
107 11
219 14
250 14
166 9
8 7
197 7
102 7
194 11
109 8
97 7
77 12
203 11
17 8
127 13
72 5
236 10
167 9
168 8
180 14
234 10
90 12
9 7
91 9
215 5
179 10
227 9
89 5
144 7
21 12
151 7
117 5
147 8
117 6
9 7
64 4
180 15
169 11
150 6
44 8
164 10
132 5
86 11
116 13
9 8
156 12
174 7
248 12
239 14
60 5
127 11
226 14
246 10
108 8
226 5
174 15
97 8
87 8
160 7
173 12
197 14
28 5
141 9
188 4
179 9
250 14
176 10
80 10
36 12
36 13
155 9
184 14
71 15
117 6
74 6
165 8
73 10
198 5
51 10
42 13
177 13
124 11
164 15
123 10
86 7
67 11
152 6
20 4
205 13
49 10
31 11
47 8
27 14
201 12
90 5
131 8
46 13
41 4
236 7
225 14
84 8
106 10
159 11
34 11
234 5
204 13
45 15
78 6
182 5
237 13
14 10
53 15
63 5
232 4
212 5
206 5
73 11
237 15
101 12
28 14
101 8
152 6
36 9
91 12
112 12
211 9
60 4
199 14
97 5
103 14
62 4
125 15
107 4
230 8
116 5
115 10
51 7
91 11
92 4
185 11
80 6
47 5
181 11
88 13
170 15
141 10
57 9
30 12
11 4
16 7
237 9
210 9
59 15
142 10
22 11
112 15
193 12
90 13
183 13
25 5
248 7
206 10
102 5
8 6
185 10