6541
4022
2257
5390
852
8687
4345
7304
2524
8458
8427
4697
827
5769
3445
8976
6207
3281
1498
3329
8091
568
7804
9532
7268
7591
4375
5865
1740
1815
8358
1762
2085
3539
8276
517
7155
3321
2297
9580
3280
4146
297
6015
7460
4051
963
2809
2394
3746
3859
3498
1656
7025
842
679
1253
6664
9269
1130
2088
7307
6046
8436
2436
4618
9344
1835
2320
3095
9790
7863
9735
4960
1750
1325
8406
7528
9215
3202
6959
2224
8234
6835
3569
4634
8282
7824
3743
2358
9449
6694
7155
2934
7099
2630
8962
8434
8276
64
2466
8819
8010
1097
3633
1381
311
2261
3948
340
82
2836
9459
1093
5055
7718
5202
5343
7768
2555
1783
7617
1620
1483
9242
3976
1381
4087
3425
4062
3127
6096
5720
1677
4117
7378
761
8688
5312
781
9635
6409
8369
3853
4770
4101
6522
8807
1060
2559
8773
3725
322
5961
5115
1633
5348
4115
6609
9289
4798
7364
3891
5972
9676
878
6018
3916
6453
1580
1871
3142
6079
565
4437
8692
7199
1109
3825
5640
8682
464
8203
6550
5857
6125
1610
7757
6451
6038
2642
2172
4622
398
6797
6512
820
4368
7431
458
713
1076
1190
3375
8229
268
4788
8673
3123
8898
3624
4773
9535
8591
9558
243
2242
8677
9430
3379
4188
4519
8595
3292
4207
9328
9924
8603
438
4599
3369
8434
1798
1153
7428
3420
2434
8175
1893
8702
9137
4883
6506
8341
6483
312
2657
4179
2211
6626
1440
7064
7790
7188
862
5052
8982
7804
2570
8629
3980
8303
6867
8596
2495
1102
8209
4285
7461
651
6295
8560
1194
877
1405
2125
9152
953
6390
9138
1428
6104
3934
2150
2815
6228
6391
4347
2708
5051
2617
9949
1948
6915
8232
5575
2247
7791
3895
2613
9321
458
783
3877
3503
9338
7037
8647
8053
8203
3992
4741
2510
876
9844
9283
8148
3576
8643
2879
7776
8548
101
3381
1795
5295
7829
2598
1308
8378
6105
6805
8267
8285
9656
5107
4926
1196
1770
5684
6540
7411
2600
5015
6261
8519
6723
4022
6260
960
4173
4754
1471
8637
4919
406
3088
8693
6198
2191
8430
7366
3851
6267
9208
7401
6961
4809
8650
5910
1456
3816
8553
6488
1564
7694
9513
4176
3632
3898
9882
6293
8306
9788
1407
2434
2165
5442
4472
233
9226
7723
6464
3862
3198
6174
6293
8402
6238
89
4505
3111
8605
7784
7417
6940
6529
8145
6646
9096
2132
2370
7622
1047
9567
8992
1572
6428
2574
5216
9793
9362
4680
581
9615
783
4720
6505
4427
7688
6857
8871
7646
6867
3878
2326
7208
2401
5339
6749
8708
2553
2900
8871
8846
2929
6018
521
5941
2118
5502
7013
2032
2987
9683
3573
6410
8995
7833
7380
9490
3239
9218
1091
6887
2939
840
3557
1913
9938
7037
8295
8197
489
9161
2014
4630
4960
8996
9049
5789
5411
9000
7946
1669
3788
1607
8808
8461
5682
3011
9980
3296
5233
81
2841
5864
6860
5472
9899
5574
2334
5011
1578
637
5570
3749
4219
130
6401
7562
8579
6317
7166
1372
5575
247
5381
9249
1743
5834
3837
6636
2112
7480
3034
2494
4035
5520
1491
5216
4060
7911
2080
430
4857
4095
1615
4032
7577
3039
4873
2789
4173
1516
5872
5906
4940
9018
1778
5937
7420
2963
3030
6123
2437
8741
8753
4093
2751
96
7142
1413
6322
6795
5385
5661
1486
4358
6446
4025
1653
4597
7014
3579
7506
7885
7468
7333
3106
5823
5421
2319
4143
2175
1668
8761
9495
9879
1518
4177
9073
3952
7792
1384
3845
6720
9524
3707
4124
5622
6434
2213
819
6796
1607
9775
3518
5532
3140
7765
3930
3947
125
5132
6720
8664
6413
8020
3246
5794
1923
5817
9559
6335
5905
9262
8497
2916
6246
1437
7275
2384
3855
7367
1996
3995
3098
942
4349
4160
5074
4210
2598
3
7901
7306
7783
4721
7534
3452
9729
1903
4167
8275
2989
8663
3286
244
818
3843
1681
1994
4096
7314
2539
6512
4554
886
3243
2084
8795
5851
1408
309
1821
9829
2925
3071
4815
2378
7127
4242
8460
3154
1166
8069
5199
9205
391
8092
1794
866
5605
9868
8896
2508
8156
1138
3889
131
5582
4863
18
5009
5620
8007
1735
6955
4381
921
9042
2442
1873
6881
1819
5872
5882
4699
3952
2975
8679
4335
8939
1623
309
7797
1698
7109
3318
2213
9608
8036
4575
3402
1269
4148
2041
3940
1720
7198
1784
9345
2030
2692
4337
8188
9458
6103
3683
8034
7828
7197
611
1726
2097
4096
9758
2931
2248
6818
7404
4849
535
4787
2902
9843
7412
6860
2726
5115
2498
4904
9608
3547
3111
8989
2018
6602
8867
7515
8079
6986
2856
7761
6522
2959
5476
540
1410
834
1169
1596
5925
8895
7858
5088
7299
329
6335
2168
1355
4772
1466
3112
7730
7726
9247
3390
239
6876
2498
8176
790
4428
2303
1595
6884
8607
4818
5578
3129
107
2693
2482
7280
8032
7676
8378
4896
2280
2969
9262
9593
2902
6303
5183
2373
668
1540
2158
7765
6854
7749
5553
5680
5870
6119
9077
3462
4395
9950
3774
1605
8696
6608
3630
5791
8192
9790
298
2275
984
9288
6449
2951
2753
3878
7264
8816
4417
9652
6133
463
3445
4297
9363
7272
5573
8207
1028
7528
5394
5587
4606
2871
7935
4475
9150
5149
326
8371
2452
6356
9597
1322
437
3963
6340
2208
2462
4083
4357
5278
5300
2375
7104
7089
9948
5677
41
8538
8147
8676
2638
345
5780
745
7064
4961
6448
9046
6626
1515
3947
6783
7739
1954
4300
803
3794
5109
2156
2779
2565
6256
8087
5984
835
9313
2857
3563
6538
4764
2222
8318
2757
2389
1446
3940
1027
9435
8044
924
9300
3162
6749
1629
2331
8395
1462
9402
1641
6607
7720
8826
1413
9125
2361
9663
4417
2332
5986
531
7800
1961
5533
9952
9859
1309
5059
1316
6799
5367
2996
140
4413
3676
7061
1533
4343
2030
2911
4655
7063
679
671
6195
4612
4569
7742
7693
3540
7396
1002
9983
4828
2565
4301
3799
3759
6691
9707
3995
2278
3613
2507
2654
4133
9634
7509
6349
712
1437
1500
615
4473
8733
4336
9814
6891
4011
900
425
1644
479
8595
6823
3659
519
3651
1231
238
4777
3939
6321
6340
9786
581
2176
3139
3069
5443
3849
9876
3299
5101
3062
8031
836
8572
2739
9631
2829
1154
5797
9730
6451
522
4770
7006
9849
5845
9510
7201
5859
8033
9807
2196
909
338
5312
417
9499
6766
2152
1253
1445
5493
5794
5094
185
1627
3412
4095
6196
8352
2757
2281
180
673
3356
2064
9144
6951
2249
7556
6631
1405
6560
2530
4650
9466
260
1010
8013
3252
449
3373
1519
8679
1716
4700
1251
4667
245
9946
8077
8032
5522
3548
2922
3507
4680
115
9087
439
167
2961
386
828
1058
7546
6430
3613
6710
2581
9232
1772
7706
8913
9211
6535
8383
9065
3112
2450
2872
9237
2959
772
6306
1863
5228
9594
8136
3544
7364
5237
3695
1892
2887
6164
3351
4197
3139
7775
3425
2306
6767
995
2177
5517
1743
3496
6630
8638
9894
327
5681
9995
3087
2891
7607
3835
927
9678
2498
501
8738
995
5047
6250
8719
1014
2671
3320
7769
3408
514
8788
422
1859
7138
9279
3367
4797
6633
9413
6800
5562
2031
6635
722
719
6615
2367
7142
4071
8756
443
4837
3075
9538
354
8402
4862
718
6810
8320
2755
7428
7817
8952
9843
4862
8390
6244
428
3630
6038
5932
6134
7615
4859
5930
2423
6150
3258
4150
3480
3622
9276
5840
8725
7694
9235
666
6118
9950
3314
8658
7384
9891
4387
9315
4125
5408
2497
7870
3294
6540
7747
550
7886
4724
8824
4779
385
563
1205
7213
1516
1710
7284
9439
6948
387
6913
2717
3461
8311
8970
9403
8657
4842
8363
790
1111
7382
3101
8148
8111
5811
5170
5135
3092
5226
6930
2533
1251
4459
1455
5347
3543
7706
9774
7559
8629
6615
920
4545
2600
8807
5604
7500
4433
6114
5844
2860
7112
3501
5356
4555
7032
5215
4058
4193
5032
5550
6356
4383
5216
4587
5354
104
3095
1767
2919
1230
383
2036
4757
1592
2543
3258
7221
2080
4596
3776
782
2430
4862
7792
362
6980
4889
1937
8266
5600
8386
5294
3646
4590
3974
3108
3531
1321
9499
6553
9606
6638
569
1603
247
1955
1787
6087
6092
157
6379
9948
7468
8602
2561
9653
872
4500
8021
147
5206
6433
5519
9369
2336
6229
8996
917
3221
4935
6207
8522
2540
5561
6664
4748
8871
128
6699
9695
7473
8456
5820
9210
3663
9815
6784
4462
2966
9784
3347
1999
9795
4081
7793
6983
2881
1807
9100
1333
6878
8422
2697
8532
4106
5911
9526
6709
8031
5921
9165
4165
1742
6662
4134
5330
130
5307
6197
3475
1927
7672
9516
4535
6066
985
1149
9979
825
8764
8880
4131
3507
9149
6448
8291
786
6708
4696
6385
1971
4187
7085
1276
4029
5917
3910
3050
9411
1356
8526
2615
6956
4936
7835
3533
4518
5595
8173
9810
2796
1431
8252
5557
724
6314
4030
9432
4286
2901
5960
1346
4551
4065
1406
3976
6634
2641
9464
6316
3521
8445
4282
6417
5641
4124
2137
4686
3649
2381
9924
2469
5539
1751
7133
764
1238
9896
54
5989
9200
4983
3042
4757
304
8942
787
345
8122
3172
9617
4728
8097
952
1604
1713
2125
4526
8504
4577
3706
6545
3167
3804
779
5299
3487
3954
9600
1415
6459
7619
8593
6733
8196
6170
2096
8914
3151
4885
5222
7400
1030
1459
8016
7563
4715
1444
4893
8389
7266
895
628
9615
5620
781
6356
1163
7482
6534
9780
5312
9875
2181
9980
9112
6438
218
9648
1397
4556
8810
7319
8685
4724
8596
9083
2821
7314
127
7116
3312
8296
4682
965
5210
1149
3498
7941
8372
7717
5339
242
374
4691
3123
2317
2373
4183
5086
9755
2282
4084
3367
6725
7303
9587
185
7095
7986
8063
6977
5113
9320
8665
1239
4882
3384
7358
3589
9479
2497
2408
9128
2722
8066
3348
6321
5376
65
4275
4491
364
4016
5289
5935
8937
722
171
8687
7206
2498
6548
5540
5451
4024
4628
6342
3192
7637
7437
4671
8917
4381
6245
7459
5047
9708
3021
9204
1161
5004
6840
8114
5915
9996
3915
6103
3340
420
6940
8558
7333
6533
4401
3827
9235
6222
1809
8141
7870
193
8739
7976
1721
2756
3496
8685
690
8367
6135
3005
6429
4223
1122
9647
1962
9248
7220
5941
6155
5323
3816
8056
7427
2407
3201
9714
8358
6954
595
7962
7983
8231
4917
1035
9816
6065
4391
1196
1095
278
5630
9845
4402
5024
3232
3301
8
9591
3921
2603
2469
3250
840
1048
6181
3353
3910
1079
4868
1380
2868
5652
1763
4345
5366
1824
2174
2151
894
458
4085
8170
830
3818
9446
666
5955
2015
8070
5720
7765
1438
8910
8383
5546
5287
3560
2034
5379
9733
3646
4856
9968
3936
7152
7887
3609
587
3726
2910
2351
6073
4127
2269
3127
8811
6297
1762
7689
7846
5244
8650
9486
290
5010
9568
4132
1932
2771
9416
4337
4433
3947
2539
3375
8681
6614
9497
43
6699
3037
2059
5959
1364
8259
9711
1608
4297
6279
8065
6946
7901
2806
7029
4868
653
512
1366
2972
4179
6306
2998
3201
7258
3812
6262
5644
1160
3585
7765
3285
1456
7134
3277
2016
8233
5729
3399
9106
7783
4528
92
5282
6962
4452
4292
9898
2206
8463
3391
6443
8333
2613
1577
8223
6970
9550
5192
3099
460
4951
1349
7976
7205
8238
9657
5166
1524
9917
1837
3741
2547
9890
2213
5321
884
4285
4144
5417
6044
607
9627
2258
6520
960
7581
4678
9674
8307
3454
8714
5791
8138
3984
8642
2145
189
2114
6620
7863
2686
5350
9255
1791
3460
5665
2406
164
4610
8964
9557
7307
1184
3265
5247
5665
4769
2721
9574
6899
6137
8298
9417
8631
8320
6633
1120
5225
746
8690
7610
1619
4170
4462
2585
7884
3380
1521
3219
137
3606
1075
8566
9524
9240
9119
8421
4742
9480
3439
2080
8352
94
2951
7837
5880
1544
7783
3732
6980
3476
2916
9772
6393
4788
7632
2060
4818
6353
6226
3184
4085
5396
75
8401
2995
370
7672
2083
5891
4620
8036
3445
322
4506
4426
6983
5107
4514
6016
5774
601
908
8086
8246
4063
2619
54
8917
5904
5926
8915
5601
1727
7197
9098
7765
5973
3152
1000
6378
8633
6883
8796
3330
5496
9181
4631
5569
165
4714
8863
734
7941
290
3163
5416
3107
1286
3302
9261
4594
1875
2532
4593
9402
6980
485
2944
1281
7785
6475
5582
2698
7872
2973
8324
2445
5667
2321
5551
4285
5858
48
4618
4290
3185
7831
4836
5338
310
709
8908
5391
2098
9245
500
6972
3454
1142
431
1299
5839
558
1051
8888
5109
1503
2113
7970
7472
6659
9080
369
8125
3398
8445
9330
848
9645
4189
7880
8765
7307
4336
178
3773
3945
3152
5267
8088
6076
9652
9491
3558
9176
7560
6482
7832
7466
2932
8156
2803
5040
6680
4671
2127
4137
2081
4125
5097
4550
9038
7140
9187
2267
4655
3696
8702
8698
5602
3085
597
1045
7806
3718
3481
6948
6426
8684
6371
1250
3599
8305
1320
464
2040
3877
4158
54
5974
643
6160
8660
2374
7691
5189
2404
9735
745
9753
3615
5119
4585
1464
7298
3651
1357
4923
8510
9721
999
2525
7632
1388
6244
163
374
143
3810
298
33
6075
8152
4521
9196
8584
2230
3016
9899
6377
9913
2780
2617
7159
7306
9957
314
3386
1655
7149
1181
1350
4656
6174
645
1514
7159
4346
6626
86
4819
8362
9451
6853
7997
8193
922
3854
8343
3632
6303
3084
9207
6667
5557
5923
7561
1331
4808
4905
4960
3685
4391
59
1993
5506
6758
7047
5220
7864
3806
7027
8217
8336
4433
1866
947
9072
3826
250
7738
5145
1563
2342
6370
9657
7807
8480
459
3575
8255
6311
6893
5227
3280
4208
640
6544
5213
6012
8056
4466
1858
9199
4615
4890
4811
7672
5665
608
7984
4491
4287
1185
3306
3144
5548
1979
5733
3115
8089
7851
6820
8909
4489
1982
4678
6025
1698
809
7997
3282
2063
666
23
8170
625
5058
6157
9173
1448
3161
7562
8163
8566
6750
6963
6549
5681
9799
2339
3252
193
4996
4995
3567
4919
2577
6096
4388
1858
2843
6901
1085
3929
8400
9872
6302
8942
2540
1830
9993
9151
7216
981
5154
8988
3488
4994
8645
4218
6824
1573
1342
5928
1347
2488
2258
9607
1607
8613
5301
6060
9302
2438
6
3363
8163
931
2704
5195
8858
3597
2252
2503
9944
9458
5625
2509
7753
5712
9255
263
1012
3834
7033
2152
759
1660
8291
6293
4084
6739
6310
851
4619
836
7288
7708
7959
5769
335
9105
7247
1126
6331
100
6197
7848
8011
2628
428
6517
7385
6709
8891
5794
1535
5485
9545
7743
7281
8642
4936
73
9297
1362
1940
6551
9018
1946
2015
5134
6569
1923
8352
7929
5300
4450
7394
7541
6621
6427
7527
3701
5027
8528
5204
6253
661
8745
1826
6892
4548
1325
6128
230
634
1198
7794
7753
8647
1342
3097
8707
4264
9536
347
743
4530
556
3929
3514
3990
3458
1075
5871
6232
4050
4914
4023
5642
6451
2195
3181
8453
2360
4445
405
4496
7482
9623
4369
9582
1228
5270
7180
2464
4626
4818
4880
5165
309
6237
3979
9173
4781
5284
8733
8283
8096
3137
1435
9171
6754
9901
504
1232
9991
4848
8775
5169
9031
7615
8603
6329
6794
3098
9301
714
1811
7935
5876
5657
4728
3161
5321
8442
9789
1431
644
8541
5587
1394
7458
8692
5171
1809
4504
2457
3635
8699
5731
742
2622
1333
8349
3092
9787
5092
3280
3069
9260
9366
5222
3938
328
9344
760
2649
771
7438
7519
7290
2818
9878
9709
6264
3142
6854
7165
9541
3816
1239
2423
7077
7800
2378
8695
6500
171
413
6378
9415
6519
4627
772
3730
223
120
1356
6508
2690
3907
5717
6611
8280
2704
1496
7194
2863
6096
1387
2531
539
4126
9138
9046
7388
1352
5523
710
1430
8989
5374
8966
8101
5285
6707
1331
2515
5163
3468
1744
3830
1327
546
765
2625
9524
8753
9479
2339
7813
6069
6373
2824
6750
6366
5228
8796
1786
3993
7178
8809
8746
5978
7892
6629
667
3211
8447
1764
7328
9436
6709
1957
9943
5652
722
7347
3723
4407
8256
9964
2771
1536
1297
5701
8889
1713
5086
3699
1805
4047
171
6471
7516
5726
3764
7605
1714
6564
1511
8865
1268
9426
7902
2387
3962
6801
1273
8980
8432
8295
1568
8982
2566
8273
1812
2071
8850
6967
432
797
3920
1831
8641
6137
8526
4711
2420
5247
210
5903
4990
2564
5257
9383
8558
8299
3265
3056
6301
2071
7688
3740
5469
1962
7351
5916
8474
982
2460
2635
7439
7780
9080
7590
1629
6296
6111
1986
7669
5870
2602
3781
4260
74
5952
759
506
3755
2351
4227
4012
4280
6190
3444
5822
8636
7710
6513
2067
2795
6968
5098
749
305
6385
4911
7119
1162
1638
9430
2243
7199
771
5928
1110
342
8272
2629
2068
8687
2697
2715
4333
4599
3530
14
6250
7844
2111
358
1421
9376
1633
2170
5435
1934
4357
4179
1397
1351
4956
8899
7080
1671
6329
2580
6222
1664
9964
8184
5045
6314
3922
1642
6511
2910
7582
9123
8483
6090
4290
5382
3353
7021
439
8664
8867
4526
6298
5200
7623
3845
9060
2812
8463
5535
4120
3215
760
2702
3697
1267
3968
6345
7725
8133
2552
8556
3637
4383
8437
267
3514
9843
9616
1954
287
6802
8623
1312
9059
2954
3449
7315
5172
841
550
9326
2298
456
9696
5551
7961
3494
446
1350
5585
9545
130
5156
6851
7749
6374
9076
5824
629
4470
9294
3218
3857
2491
35
8614
8148
3535
7776
5451
2068
4970
2295
6480
9038
1327
7042
5997
2630
6267
9915
1382
8559
5402
2973
3351
5332
3383
3123
7505
1370
7563
4434
1802
9158
